n HW time WH time AH time AW time RL time Syn1 time Syn2 time
1 580 0.0015914440155029297 580 0.001512289047241211 580 0.001520395278930664 580 0.0015645027160644531 580 0.0017094612121582031 580 0.0019125938415527344 580 0.0025398731231689453
2 680 0.005072832107543945 680 0.00498509407043457 680 0.005151271820068359 680 0.0050122737884521484 680 0.0052793025970458984 680 0.00577998161315918 680 0.0067288875579833984
3 831 0.013694286346435547 841 0.012616157531738281 835 0.013420343399047852 838 0.013520956039428711 847 0.012608528137207031 831 0.015856266021728516 831 0.017188072204589844
4 987 0.03573107719421387 1009 0.028695106506347656 1018 0.03123641014099121 1014 0.03173089027404785 1012 0.026642799377441406 981 0.03880167007446289 981 0.04191756248474121
5 1118 0.06762218475341797 1127 0.05147695541381836 1136 0.05775809288024902 1134 0.05712103843688965 1145 0.046452999114990234 1096 0.06983041763305664 1092 0.07873392105102539
6 1322 0.10817193984985352 1333 0.07699108123779297 1346 0.08971643447875977 1350 0.08778572082519531 1356 0.07299399375915527 1303 0.11419558525085449 1296 0.12594819068908691
7 1484 0.16216683387756348 1481 0.12177920341491699 1497 0.14201831817626953 1499 0.13344264030456543 1538 0.11717486381530762 1454 0.17359566688537598 1446 0.19176912307739258
8 1589 0.23665690422058105 1586 0.16849422454833984 1618 0.205552339553833 1617 0.19817614555358887 1625 0.18518400192260742 1558 0.2567460536956787 1548 0.2916548252105713
9 1776 0.3455030918121338 1764 0.2403881549835205 1799 0.293837308883667 1811 0.2823665142059326 1819 0.3185286521911621 1731 0.38612985610961914 1718 0.43989014625549316
10 2015 0.4659922122955322 1979 0.33763957023620605 2028 0.3937990665435791 2026 0.3752467632293701 2050 0.5703537464141846 1958 0.5324244499206543 1947 0.6247212886810303
11 2151 0.6384296417236328 2130 0.451796293258667 2160 0.511040210723877 2168 0.5045528411865234 2196 0.8876888751983643 2105 0.7252755165100098 2090 0.9100699424743652
12 2244 0.8383686542510986 2228 0.5859591960906982 2269 0.6616168022155762 2274 0.6426379680633545 2295 2.0855205059051514 2207 0.9481568336486816 2189 1.2443764209747314
13 2547 1.2188892364501953 2510 0.8471693992614746 2563 0.8836565017700195 2566 0.8670523166656494 2611 4.071981191635132 2497 1.4311518669128418 2492 1.9975783824920654
14 2656 1.8910136222839355 2635 1.1774895191192627 2702 1.1950855255126953 2696 1.1282403469085693 2728 9.032140493392944 2615 2.267631769180298 2600 3.2911629676818848
15 2760 2.676168203353882 2727 1.7224242687225342 2793 1.5555720329284668 2793 1.5363783836364746 2800 22.83280324935913 2712 3.3547215461730957 2696 5.317927598953247
16 2882 4.128760576248169 2851 2.2241806983947754 2915 1.9650852680206299 2926 1.8580515384674072 2944 43.4396436214447 2833 5.066376686096191 2822 8.47236180305481
17 3041 6.190571069717407 2999 3.4061319828033447 3063 2.643364429473877 3064 2.4789178371429443 3090 138.75310230255127 2988 8.068950891494751 2968 14.880276203155518
n HW time WH time AH time AW time RL time Syn1 time Syn2 time
n HW time WH time AH time AW time RL time Syn1 time Syn2 time
